100
2 4
10 5
3 12
7 7 7
3 12
4 2 1
5 1000000000
25 25 25 25 25
2 2
1 1
5 5
1 1 1 1 1
5 448257424
1 2 3 4 5
5 915742169
18 7 21 11 25
5 628417037
21 21 21 21 21
5 466079676
16 16 16 16 16
5 840621625
17 17 17 17 17
5 609564397
21 21 21 21 21
5 79358127
6 6 6 6 6
5 839856761
1 1 1 1 1
5 456356071
21 21 21 21 21
5 306306831
25 25 25 25 25
5 304670758
13 13 13 13 13
5 613531296
7 7 7 7 7
5 78289368
24 24 24 24 24
5 884241876
14 14 14 14 14
5 920189154
16 16 16 16 16
5 286317654
2 2 2 2 2
5 204269541
16 16 16 16 16
5 929857205
6 6 6 6 6
5 466030026
24 24 24 24 24
5 127781996
20 20 20 20 20
5 118941227
25 25 25 25 25
5 106467632
10 10 10 10 10
5 587380952
4 4 4 4 4
5 773150587
6 6 6 6 6
5 574352430
3 3 3 3 3
5 298288504
19 19 19 19 19
5 520386280
12 12 12 12 12
5 93426882
1 2 3 4 5
5 41084392
1 2 3 4 5
5 595999986
1 2 3 4 5
5 868338752
1 2 3 4 5
5 252917538
1 2 3 4 5
5 344211413
1 2 3 4 5
5 73135571
1 2 3 4 5
5 955285857
1 2 3 4 5
5 198829887
1 2 3 4 5
5 93483582
1 2 3 4 5
5 46406811
1 2 3 4 5
5 312537048
1 2 3 4 5
5 593818157
1 2 3 4 5
5 540305010
1 2 3 4 5
5 58430861
1 2 3 4 5
5 164077049
1 2 3 4 5
5 486501746
1 2 3 4 5
5 185259735
1 2 3 4 5
5 177489218
1 2 3 4 5
5 42211402
1 2 3 4 5
5 870923421
1 2 3 4 5
5 398494822
1 2 3 4 5
5 909983783
1 2 3 4 5
5 53091134
1 2 3 4 5
5 829739689
1 2 3 4 5
5 388053056
4 15 19 14 3
5 618001642
8 6 14 6 25
5 997690927
24 14 24 23 13
5 218753898
13 7 22 9 3
5 665464769
4 21 22 8 18
5 141913305
11 16 3 13 11
5 667508998
4 15 8 9 11
5 628015239
12 1 15 9 17
5 354158429
25 18 13 7 5
5 912740991
22 8 5 5 22
5 170053605
20 4 4 6 22
5 781337479
12 24 21 4 13
5 932310619
21 19 24 17 1
5 156764327
14 5 24 10 17
5 812070889
17 6 20 14 24
5 883455371
2 19 6 14 21
5 558371464
12 19 6 23 18
5 284904323
2 22 25 7 10
5 779638699
13 14 20 21 10
5 411353536
2 13 12 19 4
5 643797867
25 9 7 9 8
5 492270588
4 21 11 23 1
5 320582818
13 18 5 12 8
5 498761907
2 2 6 14 5
5 79395433
14 23 2 9 8
5 118191761
3 22 16 10 15
5 223123759
4 13 9 23 8
5 697828862
9 25 14 2 18
5 311036971
2 8 16 8 8
5 55389233
21 6 9 25 11
5 76378557
24 23 15 22 7
5 651891322
21 11 5 5 24
5 472775396
13 25 15 1 4
5 674090774
17 17 11 9 19
5 589735828
17 9 23 15 18
5 930510837
14 25 7 22 12
5 613798349
18 14 18 12 5
5 759488204
5 9 17 14 25
5 206952565
10 5 6 4 1
5 96453940
10 15 2 19 1
5 326521238
13 13 17 18 21
5 423668768
23 7 9 1 21
