100
1
19
23
19
999991
20
10010
999989
900001
2201
11010
10110
999000
32
99
101
2200
99000
10999
900000
30
199
10101
100000
12
10011
100
900
201
2100
989999
10100
11100
1000000
32768
9
11
100001
2001
1099
1100
999990
21
432109
90
10001
99001
10111
1001
109876
899999
901234
131072
29
2000
2
998999
111
110
91
9999
12000
12001
101000
1000
789012
10
11101
1111
999899
11011
999
765432
999998
22
901
200
64
31
2101
999999
77
990001
990000
1110
999900
1998
11000
10000
1999
128
102
11001
999001
1101
11111
2002
11110
101001
999901
