100
6 0008041
5 230001
6 0000001
2 221
6 0000331
6 3520001
0 1
6 9492472
1 01
3 0091
1 01
6 8407201
2 001
2 081
1 09
1 22
3 7701
6 0980391
3 8502
6 8000001
3 1901
6 0000001
0 9
6 3007001
5 111111
4 00091
3 9733
4 80489
6 1822783
2 781
6 3000001
6 1201121
3 2042
6 1112002
6 2112101
6 8986595
4 02011
6 0400001
6 1900096
1 75
6 0080008
2 001
5 000508
6 0001202
0 1
6 9524777
6 0122112
4 00007
6 6000101
6 9000001
4 00121
6 0980051
6 0200001
6 7481282
1 01
5 110011
6 0000001
0 1
6 1400021
6 8739958
6 4000951
6 0004001
6 3289827
6 1112222
2 141
1 55
6 2034052
6 3072243
6 0000801
6 2050009
6 1220202
6 9999999
3 4084
6 0048001
6 0000161
6 0020022
6 1111111
6 0000201
6 1221211
6 0000001
5 220021
6 2003001
6 0003703
3 2211
6 2110021
2 041
6 0110211
6 9000651
6 0004801
4 11111
6 0000001
6 3929438
6 1015263
0 2
1 99
1 51
6 0002301
6 0700001
4 11011
3 3061
