100
4
10 5 15 5
2
100 100
8
81 81 81 81 81 81 81 0
6
23 90 40 0 100 9
2
0 0
10
100 0 100 0 100 0 100 0 100 0
10
100 100 100 100 100 100 100 100 100 0
5
24 15 91 57 38
6
76 59 34 31 54 44
7
71 23 15 3 66 41 9
8
50 13 32 29 69 5 15 40
9
93 54 2 44 6 83 11 21 69
10
17 91 30 68 81 86 53 26 98 37
10
22 56 18 80 61 27 11 53 52 56
10
5 26 12 42 23 36 26 39 19 33
10
84 76 2 37 24 87 99 38 40 50
10
11 44 31 57 20 20 53 70 46 3
10
91 1 29 35 38 32 83 41 27 34
10
68 70 49 29 50 41 65 95 25 24
10
48 10 51 98 60 4 0 20 64 36
10
97 8 28 28 91 54 48 76 77 23
10
5 39 6 50 39 51 39 58 72 57
10
63 73 85 13 66 68 10 78 3 49
10
58 95 76 8 83 36 66 93 89 36
10
19 68 41 80 43 88 53 6 50 86
10
81 5 52 35 10 10 13 82 34 90
10
34 15 60 45 73 73 66 89 84 35
10
36 91 75 12 32 21 78 6 76 81
10
95 99 69 50 94 13 19 83 3 90
10
53 41 39 17 17 28 72 84 27 40
10
29 13 86 18 87 31 24 16 30 37
10
49 47 74 57 50 89 89 25 14 74
10
36 79 56 45 17 43 79 79 75 60
10
88 34 98 41 42 20 97 37 41 94
10
5 9 19 85 90 94 39 66 87 43
10
12 40 53 50 52 56 73 40 5 65
10
24 85 42 60 50 92 17 82 79 69
10
10 51 88 8 43 9 46 82 54 4
10
32 33 58 64 91 94 55 66 56 97
10
11 47 43 72 88 58 43 26 7 92
10
43 6 92 4 14 45 8 32 87 27
10
73 87 93 4 4 40 4 14 25 50
10
54 1 98 88 97 22 23 64 34 29
10
44 9 43 26 23 43 3 32 38 90
10
25 26 78 38 64 46 49 6 55 75
10
3 12 18 76 70 33 44 82 39 58
10
65 36 48 98 95 3 76 13 60 11
10
94 71 92 55 26 24 60 35 15 40
10
89 63 21 44 71 73 72 34 39 32
10
42 9 39 24 60 80 99 49 53 71
10
61 69 13 1 60 67 87 48 26 57
10
29 79 4 89 18 50 51 45 63 17
10
14 94 52 49 74 88 33 17 38 81
10
11 58 66 23 44 93 55 70 23 82
10
6 69 26 26 25 43 83 91 74 17
10
25 75 7 73 46 33 94 12 80 94
10
49 59 7 33 71 33 31 61 46 70
10
49 40 94 13 80 17 88 6 33 77
10
82 83 84 36 83 95 0 78 53 84
10
65 10 13 20 16 91 38 9 40 67
10
16 16 49 37 7 92 32 96 26 12
10
5 78 82 30 53 32 42 12 46 96
10
91 42 43 43 26 99 88 43 88 71
10
77 52 79 54 32 65 13 57 98 61
10
48 33 58 76 22 8 31 95 59 91
10
59 55 23 35 45 88 76 77 34 2
10
61 26 56 84 92 78 20 5 0 23
10
98 52 14 7 41 76 75 50 21 41
10
58 94 4 99 7 16 23 88 30 9
10
71 44 74 21 45 7 27 26 81 9
10
95 40 26 68 32 59 30 90 84 13
10
35 4 75 54 95 35 54 56 40 4
10
8 51 34 38 75 92 45 40 76 26
10
2 21 45 19 14 47 35 69 59 94
10
45 22 91 5 25 97 11 83 3 72
10
78 90 29 68 2 92 29 55 1 26
10
72 15 72 42 0 79 26 71 24 83
10
58 74 43 66 92 60 57 52 68 16
10
36 16 89 64 73 84 75 87 73 52
10
26 65 59 32 89 78 74 22 98 85
10
16 99 85 63 79 83 60 41 2 36
10
51 14 36 7 97 4 1 82 83 41
10
93 66 21 64 34 32 82 10 7 80
10
77 99 15 12 37 63 82 81 81 7
10
70 29 7 15 86 35 49 51 38 29
10
39 77 18 36 42 86 22 65 1 52
10
14 64 46 30 93 99 11 2 6 99
10
54 66 92 35 57 33 24 44 83 60
10
9 58 34 36 85 58 63 49 31 63
10
15 40 62 63 25 99 34 32 41 79
10
60 58 0 1 37 7 46 13 31 52
10
28 37 92 72 1 40 65 24 7 6
10
52 61 80 48 33 37 62 82 19 33
10
22 52 98 41 58 84 97 33 12 70
10
98 95 95 96 90 55 53 98 85 94
10
36 12 87 49 13 44 95 20 56 76
10
38 83 17 44 85 79 87 70 92 21
10
38 84 2 64 74 6 38 94 62 70
10
50 80 75 81 86 82 11 79 69 64
10
21 83 51 16 18 90 87 38 40 40
